361
467
269
239
237
361
348
236
325
271
25
174
489
81
372
317
195
430
114
16
59
133
453
71
217
306
376
33
424
77
454
173
32
255
500
331
64
379
465
147
141
363
400
337
302
284
157
51
311
403
57
56
367
244
78
158
96
264
487
102
175
126
413
176
436
69
93
166
417
450
286
311
147
409
181
426
322
62
71
481
232
388
482
216
307
250
243
148
286
408
281
40
417
29
470
478
77
422
376
354
38
256
399
493
448
80
435
326
41
69
10
306
4
320
164
62
20
99
150
427
59
22
334
292
372
197
456
205
220
123
219
140
122
130
84
32
48
95
445
336
299
112
201
219
196
158
279
290
189
34
399
45
29
246
170
280
197
87
484
409
17
94
279
223
153
65
195
113
40
432
39
206
337
367
296
115
254
216
147
260
356
373
273
232
96
20
18
58
344
84
110
102
296
209
395
396
314
1
96
166
33
389
174
132
29
463
260
496
82
303
415
37
360
487
114
327
335
188
292
465
7
399
468
30
294
1
456
21
337
49
483
492
437
386
204
88
32
133
30
165
366
129
104
233
218
155
63
411
101
150
271
398
426
74
461
116
374
314
145
422
126
71
390
71
352
219
461
440
91
375
329
456
107
141
221
103
72
393
317
88
122
293
147
76
29
464
64
131
399
171
385
130
252
135
352
38
159
357
74
55
330
496
222
15
410
355
413
215
141
153
165
200
64
133
28
69
198
31
267
16
452
43
234
29
345
252
402
216
153
67
149
311
197
308
347
295
112
473
123
253
324
171
493
477
238
75
133
199
32
461
472
444
105
499
315
204
78
378
327
92
446
370
207
200
51
86
153
286
431
403
62
194
61
71
272
3
280
334
59
161
483
191
462
229
263
327
237
13
196
246
88
124
36
118
448
366
479
245
91
343
389
238
96
177
393
394
486
392
67
159
414
326
34
131
267
456
209
3
360
388
96
460
494
332
196
218
257
40
437
398
135
121
287
13
410
383
419
149
137
2
38
94
132
366
34
319
471
432
26
305
394
208
384
255
350
477
322
43
42
18
321
124
94
68
146
91
348
190
409
30
93
337
393
27
440
135
266
373
172
63
240
185
348
122
75
320
271
187
256
376
41
386
145
460
3
308
1
493
335
197
214
306
298
40
108
155
354
364
402
411
185
63
86
49
233
359
90
455
336
56
297
302
246
58
287
100
446
465
177
457
446
418
116
52
141
49
264
272
312
362
163
106
387
128
43
294
388
98
56
1
397
320
261
420
285
89
498
151
374
58
481
328
82
30
264
233
76
94
192
443
399
120
447
184
290
256
231
100
207
174
300
236
17
245
208
467
404
372
16
456
431
214
339
325
480
248
417
10
95
437
162
425
186
476
23
351
472
405
149
282
258
215
99
277
473
218
139
350
344
357
344
94
232
227
205
280
97
91
324
0
39
295
348
191
41
67
123
487
7
47
498
356
300
164
429
192
88
319
415
161
67
139
428
417
312
356
72
296
439
134
460
451
369
44
68
42
263
390
349
436
5
268
6
441
422
150
414
428
397
333
224
138
195
199
223
212
220
6
344
427
151
276
226
99
134
74
169
384
399
0
176
184
108
211
60
455
196
18
87
274
122
153
216
159
154
187
372
150
468
339
357
125
102
447
171
154
96
135
346
31
174
96
205
343
30
36
318
225
131
217
462
259
388
494
397
82
292
16
205
188
473
312
409
141
100
202
330
393
194
155
290
408
127
194
93
7
236
127
57
214
117
456
116
282
463
299
186
453
1
382
460
338
70
242
480
96
349
174
247
210
298
263
24
124
45
110
217
475
80
304
377
493
487
314
383
349
187
428
368
461
107
186
464
416
176
291
452
203
327
204
243
304
141
454
135
115
154
55
424
280
198
271
437
387
142
337
47
299
389
144
156
429
444
204
453
343
367
131
33
433
337
304
439
387
227
459
391
428
354
23
80
149
263
179
192
29
194
158
388
90
311
55
25
395
391
11
322
433
428
27
232
53
304
75
23
112
469
334
498
232
166
263
17
495
104
49
463
315
162
44
322
199
385
267
68
497
202
181
283
163
166
105
248
0
252
458
413
208
221
238
67
330
108
32
444
149
330
149
271
310
152
49
153
253
177
471
287
286
210
298
87
267
302
339
51
3
388
274
5
266
166
102
30
6
232
326
462
2
273
470
297
225
26
178
165
11
340
226
481
300
142
500
332
474
210
391
164
441
193
182
18
377
257
456
212
283
48
24
119
152
154
421
434
114
238
285
287
375
415
438
312
216
355
408
424
287
464
452
40
204
263
469
132
44
15
240
216
50
16
119
62
363
444
155
468
92
103
369
15
302
113
211
333
108
105
457
251
343
6
226
87
497
500
432
265
202
454
463
308
366
32
400
396
468
478
221
405
275
39
264
85
327
149
312
247
106
326
132
355
226
482
298
51
30
172
6
437
446
165
82
119
72
472
86
254
141
392
386
431
145
417
83
130
221
208
464
102
307
431
44
352
389
306
356
388
311
158
301
172
435
349
302
81
166
24
493
277
194
225
81
115
131
166
85
42
455
266
176
75
177
11
359
372
214
180
486
4
179
36
170
86
19
252
412
222
470
184
284
316
169
310
254
179
492
156
49
399
117
326
452
422
472
108
145
281
122
97
41
84
24
279
45
158
385
257
233
395
272
319
53
323
185
475
313
371
494
121
307
355
300
196
173
286
105
392
441
16
233
221
244
161
176
128
473
291
409
265
270
488
117
282
67
143
231
272
248
305
454
310
276
274
419
426
248
48
203
176
214
475
313
218
170
468
113
77
240
126
25
233
320
394
105
466
331
194
101
300
483
93
292
31
113
285
124
25
153
232
8
220
183
297
324
116
266
200
110
173
124
361
103
218
483
128
349
181
473
105
490
355
278
204
486
207
452
161
454
298
336
352
274
267
474
156
350
217
349
422
465
88
330
174
302
491
125
289
69
18
117
421
257
441
365
356
351
359
197
223
299
34
489
171
155
330
418
72
336
489
349
187
225
269
243
27
128
132
325
123
367
292
219
23
482
55
59
498
15
168
229
458
336
432
365
69
156
317
146
391
251
377
110
406
229
58
229
88
116
13
174
130
493
234
186
242
465
311
97
266
242
193
203
325
286
441
473
496
428
398
456
237
7
394
451
310
295
228
137
207
126
427
395
308
343
45
285
412
129
474
75
195
387
147
328
92
442
437
161
126
397
12
337
168
298
120
98
255
166
268
207
139
200
383
104
286
301
298
390
100
430
209
404
152
222
493
4
127
214
19
20
273
246
350
122
171
240
386
295
275
406
400
400
116
363
136
266
215
217
91
125
424
442
136
251
290
450
234
320
281
154
435
298
73
373
221
216
306
103
319
365
321
500
0
36
177
180
309
443
370
0
199
418
196
8
349
31
163
359
374
474
200
433
112
375
60
390
315
170
128
433
178
18
300
149
495
407
352
364
111
303
151
491
42
36
350
366
57
170
37
381
433
276
174
447
282
272
197
189
367
87
434
116
32
380
259
268
248
479
414
257
228
150
108
338
19
292
101
25
425
93
0
260
207
324
168
456
165
292
249
468
457
460
32
368
301
125
199
490
477
408
388
188
151
355
470
337
28
126
450
171
26
14
374
319
385
287
445
288
177
314
147
250
130
159
412
98
465
119
204
429
50
432
53
461
288
209
322
254
43
451
346
484
354
190
323
283
468
443
369
100
150
370
297
23
479
85
304
430
200
198
361
16
67
162
152
368
110
326
20
100
247
192
279
424
178
87
78
114
417
244
402
311
351
199
382
354
400
126
177
408
126
143
79
349
417
474
340
213
13
113
280
375
238
479
315
148
6
494
142
158
274
392
498
474
197
394
205
137
53
177
490
199
399
78
196
451
259
267
191
430
414
333
476
141
121
316
370
439
412
228
361
470
308
405
0
2
469
263
92
324
480
474
43
300
1
419
378
305
129
391
18
69
62
383
306
390
221
258
9
246
228
439
134
433
243
3
480
293
214
19
467
144
409
131
66
180
204
362
326
219
112
80
56
5
14
382
16
258
336
329
454
334
108
410
271
281
340
74
60
285
431
400
358
329
387
215
151
294
313
463
496
162
446
322
471
247
326
176
263
181
427
357
194
93
252
381
455
145
146
389
380
432
96
69
119
202
140
402
270
237
44
330
299
86
289
95
314
244
154
417
293
38
87
264
148
314
168
9
369
117
284
205
478
463
384
388
216
450
155
14
4
348
45
69
78
69
31
54
371
128
353
288
485
324
465
254
296
489
266
354
487
312
135
181
255
320
379
439
471
282
99
157
458
206
205
71
190
392
368
130
59
65
349
198
421
150
130
227
180
303
331
298
462
83
326
205
497
202
321
445
354
289
480
260
376
211
53
418
194
500
376
155
188
156
48
314
418
260
221
39
260
46
259
100
169
8
294
324
43
32
253
32
94
35
56
442
362
311
451
380
141
336
246
96
482
75
214
427
224
436
477
285
230
331
486
38
31
306
126
414
324
390
358
134
429
270
389
391
37
494
223
469
41
139
462
94
202
283
468
415
81
337
268
411
24
303
262
236
345
379
190
1
381
404
117
130
255
421
444
129
227
177
184
477
114
377
86
402
401
13
131
312
182
396
124
141
82
388
434
211
163
25
173
322
299
12
342
134
287
453
413
357
396
196
39
223
143
422
316
339
446
375
201
305
241
81
41
456
429
265
119
87
249
369
19
182
126
90
44
341
122
26
206
15
51
215
347
395
233
458
36
310
217
320
262
278
406
460
401
479
134
442
403
320
497
213
479
349
32
271
249
76
102
225
50
215
357
447
348
300
468
474
446
482
413
129
49
281
98
110
150
431
451
484
205
175
302
51
458
244
44
313
359
346
446
258
401
57
292
252
136
216
53
103
399
77
86
217
139
47
255
468
16
43
459
42
380
258
321
207
219
55
42
78
175
307
451
395
105
33
403
442
66
313
245
164
357
15
112
374
24
277
195
401
436
441
201
225
168
498
54
97
187
377
126
462
209
221
212
182
31
354
259
259
407
171
22
103
450
288
328
154
93
243
492
352
348
460
498
135
354
292
400
275
15
194
218
397
494
349
412
455
203
150
208
226
368
358
89
51
140
310
265
365
127
243
79
369
344
62
11
220
307
430
322
346
383
465
402
144
144
430
177
419
420
262
185
201
9
213
385
305
124
26
457
180
165
42
247
137
53
372
103
20
268
240
369
453
402
356
172
278
487
461
88
350
183
101
172
205
6
418
389
183
187
398
78
6
114
125
132
374
171
296
199
473
79
4
145
133
421
111
334
480
173
417
118
24
73
160
449
116
282
126
312
450
97
406
95
399
17
199
263
98
461
71
206
16
12
239
94
199
484
392
269
104
446
31
329
120
120
297
49
49
215
141
33
11
50
356
217
257
43
43
327
172
92
115
88
335
127
82
153
221
494
173
65
455
303
357
121
119
470
420
107
418
25
346
319
182
37
30
66
108
186
407
479
228
256
178
134
496
361
267
64
1
33
440
40
185
102
263
484
11
371
63
129
417
131
161
65
14
468
312
16
281
116
144
434
464
144
206
136
393
127
62
126
454
191
166
18
465
10
213
358
13
139
270
166
364
421
277
247
227
312
85
64
261
326
238
145
266
368
154
341
331
461
205
475
207
232
469
319
397
401
344
14
207
81
290
282
154
396
102
316
22
16
44
63
261
405
289
452
65
17
139
186
236
159
93
440
161
76
385
315
154
117
124
187
481
236
260
227
355
209
487
466
370
186
293
318
289
53
174
113
457
465
264
449
120
125
263
468
26
33
218
120
91
313
260
434
5
329
192
170
425
482
115
208
472
66
266
321
407
17
28
337
191
469
435
332
118
440
351
187
481
433
169
63
124
49
157
100
323
281
170
464
417
286
25
389
72
480
124
280
9
215
36
324
432
324
448
320
474
464
125
76
226
424
365
125
13
351
421
356
254
172
344
370
254
304
170
75
269
394
430
307
275
420
318
218
245
489
126
393
320
269
341
132
113
243
404
70
277
362
288
220
287
448
497
145
312
371
72
68
451
308
343
42
200
389
355
250
198
481
299
86
141
276
174
281
401
402
391
348
98
45
116
344
392
191
255
393
384
97
457
151
152
109
422
296
164
491
83
285
270
432
355
175
345
118
207
298
93
405
162
128
353
280
428
285
201
340
440
415
436
252
104
208
113
63
359
59
243
368
459
9
474
128
346
292
291
267
287
319
113
384
84
181
311
392
99
132
148
454
110
500
150
167
389
19
257
58
472
403
18
438
465
473
214
28
103
277
0
405
294
291
471
373
38
383
270
480
156
296
260
441
151
38
500
126
318
232
408
298
348
123
149
99
132
254
185
17
137
291
222
312
485
359
89
42
334
498
333
477
54
121
254
3
274
158
81
465
27
241
469
409
197
193
69
270
435
353
8
362
485
425
396
418
482
396
405
457
465
440
112
54
395
236
356
66
444
418
323
53
228
153
397
450
169
355
409
463
244
43
494
329
471
448
21
334
133
463
204
358
474
242
239
379
112
53
146
220
422
315
232
3
421
380
321
427
453
485
162
54
428
87
281
126
376
367
162
31
437
488
411
246
396
415
384
139
214
479
56
132
433
6
58
89
494
422
134
246
234
498
102
274
68
484
406
225
310
240
279
80
268
335
361
397
7
363
210
425
163
211
468
112
281
35
223
252
250
220
473
20
108
77
132
172
72
331
152
37
377
216
24
197
313
498
378
494
167
319
388
155
49
17
297
84
280
21
363
323
468
491
353
50
168
61
48
292
192
260
54
15
83
3
263
197
457
386
196
222
483
286
453
16
394
303
5
114
417
432
246
78
265
21
24
54
494
339
455
92
462
236
283
252
236
83
331
286
459
45
61
150
441
247
486
190
433
433
430
82
213
90
460
215
49
133
17
221
159
443
11
362
47
438
210
440
406
209
219
321
117
304
168
439
318
364
172
239
279
490
304
485
125
429
131
467
371
118
5
118
455
142
108
499
343
220
58
410
83
126
65
246
173
303
410
419
394
326
260
345
115
420
362
298
297
193
139
113
285
350
420
400
394
40
365
174
277
92
161
379
416
197
188
110
480
491
400
168
6
423
90
371
365
281
444
355
16
64
479
396
379
266
202
90
430
338
309
198
286
304
457
487
485
313
43
358
290
193
84
467
228
482
330
297
239
436
105
296
270
431
225
63
425
316
18
90
51
490
455
68
203
204
159
118
64
381
203
319
377
145
88
418
59
396
461
220
349
114
275
352
22
227
472
489
195
328
189
454
223
373
119
108
233
480
463
112
65
85
368
80
322
152
90
293
83
304
296
216
412
476
111
247
223
326
496
93
346
66
454
255
16
317
172
471
118
293
378
426
236
493
302
274
123
213
353
138
367
279
377
334
430
56
431
302
175
337
356
141
449
244
138
95
352
141
342
160
91
36
478
102
91
383
449
368
161
99
126
186
457
463
60
255
317
210
334
358
65
351
353
285
1
312
40
336
352
397
111
459
213
22
112
46
390
13
103
472
133
347
115
293
74
382
168
134
33
471
39
22
452
312
151
37
387
317
410
107
341
360
223
336
234
147
313
263
138
386
147
130
464
400
236
348
307
264
21
297
329
324
266
31
294
409
229
294
435
169
335
60
149
149
31
28
77
46
166
159
425
135
109
493
337
475
389
22
165
431
235
243
418
480
413
54
292
398
87
65
453
47
242
32
354
196
88
158
227
290
19
226
11
457
104
104
87
205
135
235
160
491
177
451
478
431
235
408
124
385
447
399
101
308
316
192
45
470
249
479
408
14
310
91
476
88
30
284
38
177
46
17
99
187
273
341
262
22
107
99
105
1
18
89
269
95
30
50
101
430
145
135
46
359
314
284
46
367
151
443
455
378
88
59
268
499
51
111
212
123
470
430
323
317
200
185
350
340
486
117
30
71
246
263
279
425
397
186
450
456
165
414
226
125
9
454
383
17
151
277
287
499
85
92
376
229
40
418
252
181
176
311
352
490
317
136
175
63
71
1
236
55
115
269
367
210
444
93
163
463
28
86
74
72
54
343
374
50
444
45
337
384
212
137
382
411
403
283
201
55
309
40
68
82
26
242
179
97
113
215
152
288
205
286
26
145
113
421
219
90
256
184
18
168
343
79
443
196
115
457
226
322
383
70
151
341
296
447
120
210
248
163
209
460
34
122
394
50
414
141
483
229
210
303
360
136
288
297
96
4
300
157
159
158
478
412
26
111
449
80
185
292
463
139
6
55
363
20
440
244
3
377
453
430
302
194
440
456
435
246
167
184
295
337
440
419
253
132
290
1
12
152
478
415
74
147
388
421
138
497
353
270
312
478
158
46
224
471
282
264
447
444
108
196
363
55
384
314
409
463
330
69
159
244
407
29
468
59
158
135
147
78
291
123
305
361
236
359
81
291
372
37
239
322
392
306
122
23
79
15
93
339
438
210
180
283
489
487
260
229
114
191
16
413
150
74
372
353
364
38
259
55
382
51
374
326
47
166
20
443
456
414
207
458
353
336
57
132
417
123
493
74
149
303
39
4
438
400
119
402
423
469
400
157
320
107
30
471
114
248
72
125
280
427
35
333
69
345
358
69
498
425
105
323
33
285
478
425
246
500
500
191
52
240
473
177
400
14
221
454
244
460
162
431
50
416
134
497
137
3
215
470
121
229
342
160
98
389
13
73
161
111
190
32
488
135
137
208
331
84
478
155
214
492
257
453
134
219
191
288
153
19
225
203
226
432
176
281
101
346
412
275
273
268
481
177
494
409
6
402
21
365
159
138
433
346
296
98
446
48
352
371
9
270
434
108
368
370
3
228
205
471
29
398
60
392
251
98
410
320
461
394
493
255
274
389
496
464
413
58
105
183
64
233
81
15
481
333
218
477
448
138
249
376
398
173
258
384
223
399
8
124
324
418
425
17
388
214
133
224
296
366
93
30
267
482
163
284
443
410
14
363
154
431
73
371
133
386
47
195
222
88
342
238
303
444
373
232
196
80
113
111
391
224
7
84
237
327
382
335
412
469
30
361
406
253
276
127
228
346
209
70
99
371
321
178
344
98
306
410
4
187
410
3
312
55
302
6
347
388
39
454
432
489
475
263
152
275
227
88
358
131
21
391
320
290
358
393
265
277
172
36
123
478
79
153
12
141
130
127
175
146
471
363
47
343
427
421
323
390
11
444
204
86
259
467
197
483
241
91
41
52
154
419
302
433
346
452
47
150
294
218
476
346
250
312
160
418
464
266
333
128
96
171
247
178
207
72
155
293
320
379
1
420
190
205
364
290
440
454
25
268
331
39
148
261
165
494
278
429
459
433
98
408
324
256
123
344
152
86
138
488
318
291
163
355
453
229
254
187
369
169
217
354
71
435
299
170
223
107
444
12
106
175
475
395
452
209
222
260
39
75
217
377
463
307
257
446
268
315
121
194
360
433
172
93
156
186
340
55
50
2
242
248
429
31
240
225
472
85
332
71
205
357
43
419
373
161
460
337
455
307
21
328
401
333
428
172
427
396
291
79
494
112
125
458
279
396
34
99
228
245
236
88
251
196
137
417
363
368
170
441
494
55
158
370
116
365
173
251
146
365
217
189
176
227
410
406
173
348
102
118
205
361
434
174
216
403
166
210
7
1
95
282
104
130
269
190
114
89
186
128
347
309
461
28
42
52
365
12
440
435
479
16
208
1
102
50
344
214
377
328
426
48
87
343
239
437
364
39
287
401
132
247
454
18
300
66
155
422
123
178
239
293
241
327
134
129
158
476
203
437
434
110
311
17
351
367
66
268
72
428
136
348
170
256
493
216
145
218
269
260
97
64
363
93
6
216
233
461
241
141
22
262
480
424
296
174
468
108
14
403
461
283
247
425
413
416
252
258
30
22
153
187
238
58
439
307
415
459
460
38
19
333
302
48
85
137
404
379
341
479
483
64
5
187
48
66
287
424
383
468
429
264
89
458
215
422
359
340
208
483
128
432
479
462
287
477
3
66
8
52
405
216
96
303
325
223
481
76
89
398
100
168
174
48
242
312
169
444
421
381
99
454
46
174
150
338
18
380
485
128
280
244
68
212
382
362
210
465
241
176
486
308
118
151
302
410
117
240
18
484
320
48
257
57
238
174
424
128
275
26
331
335
202
305
38
223
42
394
227
3
373
266
231
496
401
310
225
234
173
247
344
72
426
216
114
18
111
372
223
101
192
174
236
307
467
132
394
319
393
61
196
156
22
218
395
244
130
112
19
404
495
154
32
62
452
357
98
239
485
369
352
489
492
167
400
259
72
291
298
24
155
57
77
112
452
30
429
460
6
148
26
374
133
44
297
396
80
57
91
498
18
453
500
329
243
171
168
336
328
433
166
241
298
30
304
487
341
371
377
69
36
223
314
319
101
41
244
96
397
53
68
57
202
23
282
429
49
496
388
394
171
12
160
330
306
106
249
327
295
14
473
463
168
212
472
382
220
172
112
288
22
75
149
2
285
340
439
28
75
56
408
42
79
49
65
390
116
123
232
414
361
154
89
95
235
451
74
284
309
250
190
291
317
9
261
73
83
209
439
455
484
239
336
178
481
428
454
104
477
296
88
40
419
198
295
344
387
2
422
108
92
311
486
421
325
114
389
460
107
361
155
490
348
191
319
106
369
67
288
36
245
153
363
495
44
446
378
38
65
472
86
415
359
341
134
166
224
96
291
363
245
257
174
119
6
472
396
161
486
104
483
476
255
445
249
284
109
340
434
46
395
137
337
241
260
373
270
303
171
342
417
307
341
88
123
478
45
247
462
56
25
220
131
285
224
223
441
456
208
332
356
439
399
43
170
218
4
78
78
300
40
105
60
397
71
270
354
20
338
111
19
152
342
426
172
394
286
438
240
45
187
196
184
69
243
200
227
399
172
438
151
149
149
304
105
15
429
156
416
316
227
460
119
370
218
134
381
355
109
175
26
128
391
388
140
126
272
419
394
266
357
173
222
56
260
422
164
201
10
480
96
76
460
184
136
408
155
61
268
400
65
78
236
231
474
165
143
403
81
261
217
428
403
452
91
183
18
29
433
138
295
313
277
61
294
247
434
299
405
261
294
382
405
397
338
2
358
278
370
217
4
144
71
308
473
344
109
5
103
352
494
258
289
339
430
59
126
48
64
353
5
239
2
201
132
473
455
226
59
241
14
43
436
73
385
481
2
493
355
223
167
339
138
391
47
225
462
140
167
35
176
40
40
489
13
270
210
454
25
262
4
322
247
63
254
413
439
426
150
379
176
383
155
498
408
184
58
392
72
308
150
393
386
415
38
345
248
465
367
7
27
311
1
35
390
170
228
423
163
274
166
249
412
114
321
378
195
346
430
200
488
291
329
362
184
1
432
132
474
417
49
71
229
118
298
0
321
498
434
198
374
342
8
449
67
383
164
144
22
325
497
434
233
341
434
27
15
321
457
429
445
481
313
205
136
421
427
490
128
439
239
183
441
155
230
155
416
356
433
134
83
426
288
196
221
161
44
441
87
146
187
93
47
53
361
49
495
461
486
203
433
42
141
384
473
408
196
246
416
468
428
2
208
412
248
338
404
109
423
354
490
329
413
336
164
43
120
486
19
337
420
205
340
39
105
446
92
139
229
320
101
491
235
59
122
430
141
130
61
216
485
335
319
352
408
485
321
180
96
23
249
187
105
375
478
340
65
184
144
491
427
162
306
210
437
323
314
157
431
54
304
178
245
474
164
198
191
336
209
192
215
208
376
110
423
238
360
254
496
475
180
327
23
60
299
241
374
233
482
204
321
399
265
182
105
465
94
242
272
98
36
92
43
448
260
35
447
217
358
180
253
410
237
202
58
166
159
80
245
462
233
350
420
143
410
112
32
142
474
454
351
261
281
312
57
373
404
488
481
408
40
178
305
439
200
66
236
58
229
269
276
385
87
460
76
158
99
155
494
13
9
164
20
290
155
115
207
302
478
25
42
312
404
389
134
18
365
141
343
93
394
381
202
172
335
224
394
55
180
462
81
367
203
414
162
328
402
462
147
192
116
104
290
6
206
95
243
236
223
438
262
373
278
199
59
7
65
490
45
454
123
365
57
197
70
104
74
91
8
283
289
31
247
96
366
6
394
27
371
271
402
440
140
464
211
351
487
15
480
2
296
310
105
333
203
246
329
424
31
439
313
369
458
20
376
356
51
220
361
442
118
404
361
75
433
262
336
77
102
462
440
102
117
294
56
477
2
426
277
436
262
388
129
27
139
495
49
324
89
80
31
127
183
122
236
249
156
456
437
414
72
167
265
55
55
459
224
437
360
383
19
235
104
494
255
125
394
233
493
146
380
95
190
377
173
159
280
220
145
476
282
304
176
188
9
441
277
479
73
454
97
76
257
257
363
317
12
432
55
452
17
281
87
123
181
424
122
33
180
380
266
253
498
391
372
44
184
151
458
363
1
246
124
380
424
371
394
314
489
355
161
444
385
175
287
21
412
193
317
192
71
141
422
196
484
158
54
92
22
353
281
401
90
246
131
178
380
329
212
415
322
130
184
102
448
291
248
279
416
277
83
116
302
53
220
335
395
440
3
7
335
457
180
422
174
107
459
403
449
475
116
224
155
22
124
434
141
301
94
484
424
433
497
346
131
469
483
484
130
447
239
162
331
182
216
467
294
281
273
142
369
116
77
278
400
384
370
236
145
396
427
446
472
477
80
206
173
416
465
447
363
240
182
490
103
260
111
163
496
128
434
453
271
365
113
390
270
24
472
399
65
130
109
102
263
208
288
217
492
410
351
66
207
124
282
282
73
117
399
170
100
317
183
31
454
179
278
75
33
249
78
455
233
186
117
493
301
337
149
121
156
412
152
309
376
293
323
485
51
348
98
270
327
165
347
411
13
202
141
268
75
58
482
129
0
394
393
398
216
217
329
297
316
228
109
396
147
243
30
481
388
409
220
20
83
16
102
234
183
292
489
123
293
355
182
157
77
210
171
260
236
456
387
35
305
102
57
29
10
62
347
83
433
338
128
151
162
439
171
419
244
433
442
282
175
361
472
194
287
368
10
54
296
243
352
362
444
97
2
423
344
381
41
332
458
336
339
182
422
388
5
406
173
440
348
39
431
142
422
332
414
230
441
231
488
14
398
277
473
254
460
6
196
480
419
146
231
377
19
498
154
154
395
87
205
279
468
291
279
4
158
445
468
496
60
224
68
262
158
474
358
247
305
269
303
144
411
428
479
450
232
455
479
89
452
246
195
177
217
392
132
343
183
71
245
333
407
237
278
384
142
188
345
200
254
399
203
82
297
419
476
13
373
381
138
181
414
464
477
407
23
164
152
173
168
60
265
481
236
260
43
412
75
226
93
99
189
473
250
274
126
197
354
256
155
76
193
347
171
140
401
476
226
317
234
370
167
421
205
335
161
234
280
61
211
389
343
282
268
268
190
7
262
374
10
476
243
52
300
433
139
400
452
498
79
335
209
320
210
299
246
258
75
163
284
319
500
235
279
252
72
211
284
489
275
351
439
65
149
102
167
207
239
402
388
491
85
63
133
379
121
273
395
323
213
65
254
356
394
480
131
191
353
393
95
8
2
4
114
41
412
323
47
260
224
186
2
375
492
143
320
114
305
201
229
137
227
38
412
115
207
53
405
276
127
366
82
434
287
374
493
46
407
90
484
54
460
345
273
66
453
280
305
391
212
365
55
169
161
148
368
76
24
203
394
283
176
56
57
238
431
35
224
93
485
234
205
392
317
92
127
122
151
253
492
487
239
495
149
19
222
212
173
427
330
192
466
106
455
102
1
98
176
495
0
57
414
194
19
238
292
229
394
130
88
125
348
204
483
44
212
232
171
256
183
252
305
359
267
206
405
419
419
486
478
321
316
384
414
395
225
182
236
143
441
219
229
376
229
176
299
6
383
115
381
79
489
209
453
269
195
399
121
225
443
394
481
454
219
27
181
365
44
271
455
247
19
116
327
215
273
174
230
97
421
151
207
177
391
270
26
244
65
67
155
360
283
128
253
180
474
411
177
208
90
123
56
296
454
373
426
95
434
196
64
266
53
239
91
337
210
189
134
391
118
407
368
5
194
34
225
87
358
366
132
432
492
336
281
60
228
42
133
292
331
30
64
447
225
79
391
196
207
192
234
357
275
46
102
131
34
319
496
302
16
452
431
193
440
308
131
358
222
275
171
248
159
431
471
492
333
119
401
197
381
350
326
447
257
24
367
456
167
195
87
292
54
451
472
381
295
329
128
174
324
54
55
222
61
444
284
339
344
81
186
218
44
33
374
25
476
25
391
35
35
240
311
156
413
407
132
474
267
424
128
229
422
369
92
288
101
451
493
99
179
111
302
104
29
464
335
343
157
462
177
255
473
336
178
421
407
448
82
424
191
111
81
95
367
323
395
172
468
38
426
332
176
381
451
414
233
404
225
251
151
5
11
159
25
443
337
485
112
271
264
11
282
121
272
493
261
153
314
77
46
208
245
84
251
223
9
44
79
42
295
140
4
383
21
467
54
17
207
56
268
14
488
220
132
413
499
18
303
86
408
144
323
493
459
351
189
169
384
339
256
24
473
333
427
287
149
16
356
431
332
488
28
417
265
245
141
318
91
89
346
19
170
123
252
276
44
283
308
457
163
397
274
39
381
322
56
109
72
396
171
150
74
366
34
356
327
321
134
371
7
114
22
415
37
482
183
5
408
198
389
391
151
226
215
443
483
92
436
472
281
312
446
139
172
257
219
242
321
87
331
496
332
401
314
338
291
404
308
316
113
208
286
7
436
437
410
109
352
450
402
48
486
302
348
223
325
483
213
380
142
12
235
307
406
168
473
402
316
156
174
21
248
397
203
428
390
218
366
65
311
256
482
139
423
334
495
453
56
489
161
304
404
462
318
405
426
235
461
14
49
27
398
195
47
217
452
100
265
272
217
196
486
424
338
183
120
19
82
460
6
207
477
175
164
72
423
377
27
21
167
304
457
222
115
188
310
404
369
5
156
111
431
363
409
17
260
322
462
438
8
321
246
464
219
129
154
399
499
69
500
309
451
206
290
217
391
148
257
409
430
7
42
248
116
375
180
364
449
157
98
436
450
42
10
91
458
176
88
390
323
14
396
35
390
75
146
319
439
388
208
459
353
357
74
454
255
214
486
391
314
289
171
279
159
362
244
18
465
308
239
34
166
328
290
333
263
426
473
357
14
307
66
36
135
313
46
102
404
477
331
442
284
449
8
467
438
128
449
468
430
293
72
295
11
209
392
182
370
323
400
349
217
163
480
499
303
226
416
129
64
111
26
252
475
89
256
489
498
410
51
386
462
226
85
55
484
443
434
315
230
314
72
170
1
471
317
16
235
214
55
145
205
29
348
194
122
313
46
281
478
70
16
51
397
462
248
31
118
416
129
210
170
389
405
115
315
448
74
227
464
23
470
89
62
282
309
370
185
143
107
417
189
483
74
10
36
257
326
145
323
250
155
316
99
18
75
268
141
301
161
8
296
10
213
109
38
417
420
242
215
376
198
453
272
54
349
283
139
35
421
418
342
120
175
322
319
472
368
127
320
352
137
114
134
342
55
67
229
235
1
316
416
336
146
368
434
70
445
255
377
43
358
24
460
194
123
141
466
6
173
19
61
102
403
107
333
320
330
433
36
18
480
184
93
177
210
137
72
322
318
30
273
302
48
43
328
415
144
288
414
464
308
98
389
278
424
119
112
15
283
464
160
500
102
104
275
222
412
414
24
215
445
141
109
382
484
447
51
298
361
112
362
405
397
466
342
316
288
351
464
219
179
465
129
108
127
392
124
379
245
56
131
376
90
301
247
235
323
404
468
148
446
363
71
56
482
151
424
363
149
175
316
345
90
366
175
381
147
69
174
355
115
90
348
415
270
457
178
58
271
342
475
84
103
86
26
364
401
163
232
323
126
344
371
131
38
113
168
206
121
81
350
128
122
481
476
113
10
67
221
409
448
125
419
127
270
331
429
303
455
174
45
477
299
230
123
354
149
139
389
460
435
68
148
65
288
497
241
493
331
100
354
90
281
10
267
203
5
234
480
466
474
270
264
284
184
382
319
37
226
158
397
145
96
243
349
392
208
0
395
135
102
85
39
457
383
437
417
117
96
64
403
360
179
14
156
475
118
326
182
0
277
276
381
1
193
250
204
448
107
253
193
405
40
489
203
207
53
414
46
218
299
273
43
462
365
271
368
259
172
82
478
418
69
257
249
9
270
382
78
130
293
61
87
108
96
32
327
375
213
233
493
407
261
313
299
352
355
418
259
193
234
47
354
106
41
336
6
123
248
115
125
456
261
443
399
346
78
401
271
192
204
369
494
119
393
37
96
198
42
161
3
97
13
83
235
359
294
251
334
46
318
388
157
266
112
260
217
392
168
98
205
460
221
265
211
277
436
83
469
347
200
377
262
120
126
227
278
352
371
380
489
333
335
383
69
261
9
235
117
157
3
295
325
268
478
290
387
484
228
485
258
443
227
43
476
104
485
136
75
365
72
161
398
28
65
325
172
454
228
40
28
428
227
472
136
52
242
111
75
30
173
109
13
56
64
431
486
184
292
476
415
421
83
25
342
183
409
138
328
485
323
437
143
200
123
41
329
160
310
487
461
227
458
403
349
382
316
240
493
240
116
219
291
493
418
372
406
417
152
69
132
253
217
63
110
255
220
158
169
276
157
89
13
382
421
497
280
439
394
221
101
111
61
170
458
487
70
337
250
327
389
349
234
132
264
51
399
83
43
401
456
289
421
261
200
110
4
72
10
241
457
77
221
324
13
491
284
16
394
495
151
86
347
435
398
452
320
115
449
346
359
330
402
91
157
68
402
430
195
38
461
260
419
18
314
96
237
423
128
341
445
69
231
372
254
190
100
75
192
199
365
446
188
388
229
302
247
365
301
144
299
490
46
259
86
209
473
297
156
329
187
498
199
412
295
270
82
493
280
9
177
131
146
100
33
444
21
377
320
335
474
417
275
149
333
468
296
298
99
20
184
402
61
294
383
491
377
407
406
74
498
331
352
179
239
450
9
342
267
194
165
148
418
258
15
330
51
83
224
374
483
190
12
444
160
482
314
406
28
235
451
428
167
323
439
190
105
301
264
237
386
387
378
112
356
412
372
301
474
442
226
12
89
250
27
334
440
308
115
10
208
170
373
55
321
353
428
430
446
274
415
288
60
247
26
300
140
45
239
311
34
408
253
68
49
390
21
33
104
240
217
186
117
203
26
188
145
267
191
58
241
436
313
220
19
133
69
110
32
253
458
37
382
102
113
98
182
416
403
460
362
73
393
173
359
436
469
118
184
115
126
123
377
385
95
484
34
453
469
346
476
344
239
468
307
104
46
92
23
105
85
158
232
347
259
381
163
270
96
236
480
464
61
258
99
36
189
389
336
350
23
295
448
492
200
483
361
497
153
41
193
375
210
100
26
241
211
219
334
408
212
200
176
199
256
305
111
500
454
391
252
46
397
219
58
88
413
206
119
302
82
97
29
420
104
195
36
499
276
96
428
209
495
234
294
37
427
144
287
174
394
246
481
164
224
483
12
245
170
385
273
6
283
103
83
74
371
448
302
1
233
236
318
310
463
65
494
84
373
206
18
421
130
231
28
225
420
402
270
368
295
73
406
412
411
304
314
7
461
342
457
74
118
237
46
400
452
195
27
428
57
484
31
492
161
299
486
13
121
362
39
6
424
474
243
196
206
420
265
334
324
270
233
242
487
341
307
413
281
168
236
165
284
410
171
110
473
250
439
377
294
286
267
289
178
495
444
339
7
348
52
11
54
47
356
264
48
90
145
351
91
148
247
135
0
99
221
12
467
137
243
121
414
232
55
151
34
152
314
438
253
285
122
142
440
402
488
80
463
396
19
467
99
63
73
494
392
202
103
139
397
165
34
197
253
434
280
64
354
19
319
449
204
316
445
144
59
133
219
52
116
20
354
464
12
213
454
51
484
277
352
470
371
194
390
448
317
276
171
161
410
196
297
419
37
147
414
361
44
385
195
77
288
319
500
246
192
271
413
386
162
379
263
238
107
174
488
224
301
407
196
269
57
269
450
493
476
226
471
305
185
268
318
102
231
158
207
358
328
212
106
268
26
285
388
85
255
424
129
316
137
334
250
128
393
219
223
303
423
427
248
489
212
398
46
204
77
143
218
330
17
264
176
245
400
116
19
287
355
267
166
318
58
386
467
61
358
70
62
200
150
108
138
136
51
265
488
377
146
66
60
479
271
292
396
490
221
38
445
420
428
319
6
422
24
230
441
162
217
402
108
381
24
307
291
158
494
300
90
291
165
80
280
488
123
281
208
321
115
41
469
485
244
167
220
392
285
56
274
426
464
183
306
418
450
489
424
277
89
409
247
75
211
453
325
230
241
424
268
115
284
151
446
471
405
42
323
240
203
289
130
311
393
312
422
360
91
321
242
489
68
197
109
317
275
153
452
84
349
367
83
407
451
236
69
275
187
451
417
188
455
377
252
449
189
359
475
365
492
162
102
190
30
125
215
477
87
21
43
63
440
112
378
30
323
83
226
192
3
496
55
326
497
220
318
131
424
253
172
66
96
460
369
194
197
110
107
248
481
440
318
123
156
141
207
375
269
169
492
225
466
438
372
279
152
382
203
44
83
191
57
279
187
486
260
356
101
461
438
269
35
395
178
36
28
371
72
258
145
388
359
39
336
488
448
221
230
93
113
83
273
273
389
133
135
154
164
121
51
227
345
299
225
351
431
132
331
5
255
387
336
308
36
310
130
334
159
479
179
191
461
495
42
273
210
183
203
10
427
55
467
251
44
55
374
361
2
173
210
159
201
342
37
144
207
481
168
74
267
230
255
405
243
286
379
360
386
130
243
396
436
388
299
34
168
411
400
142
250
120
21
73
312
486
493
427
31
312
119
451
109
303
390
93
48
276
279
162
83
201
119
321
304
256
231
402
96
180
382
88
274
88
69
226
74
16
381
200
498
34
164
198
110
267
364
99
214
341
280
462
141
259
86
229
359
59
247
198
282
438
310
179
231
115
182
181
217
404
330
286
40
367
482
69
387
113
141
487
292
143
423
161
52
86
72
251
231
470
120
264
288
369
492
183
431
121
400
17
82
31
21
0
95
107
376
153
372
103
212
387
170
196
46
454
424
421
336
309
147
189
301
422
177
419
270
395
432
282
217
26
256
2
380
132
218
142
420
181
130
41
487
469
313
329
473
95
440
350
341
244
407
10
313
131
384
461
402
488
345
76
135
387
280
19
497
123
65
484
16
370
308
187
489
82
408
235
147
470
5
350
167
466
95
10
434
279
201
95
115
12
288
242
276
370
400
87
393
323
267
41
335
331
227
207
247
185
123
242
311
245
276
356
308
293
106
394
190
215
290
466
121
425
134
334
151
463
218
107
127
195
411
465
281
324
278
488
51
49
102
71
269
26
399
421
49
254
99
440
482
281
256
118
55
415
249
203
64
56
248
485
262
339
91
86
360
358
273
112
307
312
305
105
123
28
197
428
314
270
93
462
49
496
21
371
233
203
302
488
105
392
58
301
144
52
36
330
74
220
288
462
314
361
311
112
183
245
222
461
258
207
353
169
266
252
46
450
179
185
482
498
55
27
291
124
403
341
73
24
203
204
237
148
449
491
95
215
124
498
81
230
304
251
447
75
109
19
444
202
54
299
169
55
124
324
375
451
64
306
204
21
448
159
232
165
277
16
35
412
304
280
54
185
101
315
53
211
70
38
204
480
458
394
389
132
217
119
307
68
433
121
393
202
39
303
391
417
297
310
347
239
235
385
360
309
72
489
19
194
318
28
19
309
231
423
71
217
185
331
309
191
395
473
229
93
356
405
237
15
126
362
88
185
397
122
304
88
218
166
29
366
410
148
117
349
438
106
54
127
19
84
153
155
379
345
135
124
58
336
60
179
358
88
121
22
226
260
450
91
249
19
292
262
433
362
155
184
488
298
99
134
405
322
127
188
318
196
289
344
497
358
434
220
151
470
210
88
11
222
30
430
199
122
286
207
320
213
404
300
217
27
474
85
265
26
363
19
155
150
191
414
97
114
307
147
392
13
200
93
320
392
413
372
286
103
493
320
316
364
367
150
223
426
178
224
348
166
317
322
218
303
252
77
211
499
126
403
368
171
157
88
492
55
272
319
43
125
144
281
481
104
482
490
13
167
155
34
111
68
377
273
486
130
480
112
90
130
479
424
431
272
280
345
45
268
361
84
322
223
221
238
480
351
168
318
416
396
156
119
409
163
366
149
495
186
187
318
176
79
100
339
102
178
36
197
346
35
2
146
441
13
284
225
199
133
483
472
487
247
456
149
33
217
45
14
451
376
402
225
440
221
246
224
220
53
444
334
428
135
239
402
386
433
409
133
21
399
291
33
74
316
24
372
115
467
382
373
308
286
113
184
495
157
26
221
472
394
417
351
495
254
311
22
454
433
185
171
120
287
252
232
137
204
74
292
496
373
94
303
204
296
16
210
303
354
50
130
272
146
110
429
32
464
267
89
77
405
298
388
188
24
108
163
244
386
465
250
15
100
402
44
340
249
4
333
146
285
377
192
231
200
339
234
68
249
21
269
118
371
181
487
33
333
350
114
360
23
386
482
414
220
432
260
127
60
93
291
78
73
366
480
63
444
132
390
378
173
16
70
393
429
289
484
437
71
327
43
114
19
279
237
350
82
478
184
475
385
301
378
228
220
94
368
54
248
434
480
496
245
100
84
68
447
422
133
29
2
438
496
195
271
44
305
150
68
386
442
82
336
105
274
326
157
282
445
266
307
131
148
8
272
154
464
424
375
161
377
63
55
40
224
273
364
180
43
24
36
28
485
368
422
375
413
418
377
449
107
494
175
378
265
312
450
75
68
57
24
183
73
409
133
458
122
13
128
334
432
382
493
134
17
210
468
327
149
147
380
412
8
404
357
458
88
237
293
310
100
63
272
328
103
36
27
481
457
340
198
471
162
498
30
385
170
261
321
359
127
142
236
429
107
310
284
409
37
472
114
258
202
125
464
299
187
313
313
492
196
285
24
22
468
427
374
203
440
167
363
322
211
363
346
221
355
183
7
379
332
137
454
13
228
178
401
432
39
350
179
290
239
82
169
469
329
354
226
135
86
273
123
254
198
352
416
171
316
492
271
113
255
64
467
265
331
379
131
391
420
383
185
95
254
429
430
17
142
162
406
4
141
20
371
47
382
485
402
420
79
342
382
241
462
333
190
359
347
375
370
309
93
235
113
333
306
484
428
124
444
310
80
86
493
77
363
363
61
235
296
26
6
41
192
235
1
189
187
129
429
401
307
136
345
77
338
315
184
265
260
464
418
76
7
471
340
253
212
3
432
433
125
371
454
358
123
33
499
290
340
270
276
164
341
254
304
137
58
437
385
356
232
324
48
299
324
36
142
118
131
78
149
480
16
464
235
201
120
107
333
382
268
40
67
330
66
318
350
135
398
396
134
226
146
467
242
235
42
1
436
132
327
352
411
432
254
344
144
493
67
365
451
160
67
360
486
432
11
241
103
484
37
123
146
270
407
244
216
327
347
71
436
418
387
318
52
229
390
294
301
236
375
74
366
83
270
162
86
496
222
363
211
72
359
253
487
309
137
447
162
238
124
175
23
105
125
100
311
423
345
415
172
466
342
474
432
231
479
362
270
148
478
318
425
230
71
236
174
400
455
294
140
443
301
426
53
106
497
20
484
53
152
0
333
267
67
279
228
32
403
147
321
78
479
362
466
462
119
122
426
481
134
279
308
219
373
300
199
416
92
268
309
79
354
400
124
328
484
294
301
357
202
314
333
424
102
352
293
44
392
69
412
251
54
101
470
16
152
197
462
155
408
325
139
108
186
354
131
283
364
119
434
425
201
113
17
339
229
418
460
238
261
395
2
189
239
267
92
491
233
31
256
347
481
107
363
165
228
406
430
371
0
394
123
241
9
177
406
375
159
485
475
1
182
492
200
156
150
243
191
75
316
337
271
312
491
340
123
489
5
332
397
185
106
215
360
413
385
371
76
19
416
1
182
299
271
23
224
353
157
103
276
358
0
341
219
285
184
133
282
402
136
324
405
97
379
83
353
142
117
228
474
162
360
210
286
380
140
94
200
279
438
334
36
117
438
358
161
478
424
34
236
198
205
410
271
2
254
314
118
174
281
303
109
111
390
46
487
400
25
104
400
97
41
137
94
430
354
143
332
356
280
93
15
92
245
320
366
274
323
254
491
388
23
331
82
440
331
142
36
211
59
397
135
280
292
42
387
346
45
482
143
178
118
252
448
108
71
32
151
500
35
325
356
470
390
144
284
50
299
22
2
235
7
19
276
160
294
389
446
304
399
273
232
39
468
42
170
331
53
327
145
158
434
380
166
478
242
499
152
234
332
220
64
22
132
25
363
311
490
312
391
52
307
224
77
200
457
113
119
160
356
69
441
489
435
86
53
135
131
44
424
475
219
83
405
223
463
210
126
30
153
241
452
89
140
464
463
424
430
180
403
31
198
397
431
133
43
496
412
412
341
214
108
11
496
188
410
130
