13105
11314
8645
11581
13478
7254
8404
11656
3811
14201
1164
7593
568
9852
9450
14149
8902
7202
11883
1155
7841
6527
3552
1081
6175
7145
2949
2668
12864
2616
4463
9952
4808
8558
11798
10352
3576
13220
6710
9511
6024
3220
1845
10879
7873
7881
14204
13545
9718
11711
1613
4665
5095
2542
12241
7706
4599
8283
13093
6077
12196
9635
11890
10375
10841
5867
14146
8409
13711
9250
1243
5871
7737
1705
13992
13197
752
8803
14936
14731
10406
2623
14038
8630
182
14122
7047
5427
3340
12131
13730
3630
12069
13261
8544
14964
3485
7226
7170
8229
7269
8182
13675
11060
2267
6322
4285
167
873
9597
6859
8084
12715
3138
499
12451
2354
7858
9129
3010
887
3827
8602
1774
3191
3071
8928
14962
6740
6816
453
9184
3166
9914
6155
364
12914
14444
13471
9161
6371
8178
3867
131
127
3380
13600
846
14327
5738
10434
273
8242
11765
8122
12827
2048
2707
4340
10741
5082
14362
11984
9963
2078
4421
14937
14348
8281
2459
6750
4082
6188
6267
2462
2390
10186
378
9777
12004
2111
2471
4346
7042
8710
13933
5304
7380
1667
8875
8701
11742
8406
5238
4255
4066
13839
14766
12467
4204
14976
13768
5621
12174
1275
9577
11729
8260
12206
5516
523
13398
5858
12334
3723
12346
2395
1197
201
9170
10062
14366
5292
3096
14118
8935
9223
8419
11866
12267
3384
1997
11824
7972
1258
4071
3098
3474
1131
5873
11952
8935
5071
5601
1184
13602
10751
10451
12230
11240
1712
10026
3640
7084
2959
6681
3008
2041
7304
6392
6798
156
10824
11676
13548
9680
9575
1195
7076
3676
4727
1807
6280
8529
13479
11491
9418
2021
13877
3562
8701
12273
8551
9324
10022
14746
7891
2500
3298
13132
11184
1382
13075
1567
2057
12817
7556
13594
3592
13633
3060
4507
4380
7945
4576
2115
888
9322
3297
4650
7643
6141
1155
9803
4848
2180
3469
12896
13849
9496
2454
2268
1694
11308
126
12929
6807
4869
9162
5451
14142
11705
14840
6399
12029
7622
14505
5439
1655
10393
6304
14893
1665
2487
9752
11599
1519
7414
12997
4124
3128
10656
14295
491
7750
8394
2544
13669
3113
11453
7855
8125
8587
11918
11102
